
Test accuracy: 0.9900
Test loss: 0.0299
Inference time (all test samples): 0.65 seconds

Confusion Matrix:
[[ 975    0    0    0    1    0    1    1    1    1]
 [   0 1130    0    0    1    0    2    1    1    0]
 [   0    0 1024    1    1    0    0    6    0    0]
 [   0    0    2 1006    0    1    0    1    0    0]
 [   0    0    2    0  975    0    1    0    0    4]
 [   1    0    0    8    0  882    1    0    0    0]
 [   2    2    0    0    3    4  947    0    0    0]
 [   0    4    2    0    0    0    0 1018    1    3]
 [   3    0    2    4    0    1    0    3  955    6]
 [   0    2    0    1    9    3    0    3    3  988]]

Classification Report:
				  precision    recall  f1-score   support

			  0       0.99      0.99      0.99       980
			  1       0.99      1.00      0.99      1135
			  2       0.99      0.99      0.99      1032
			  3       0.99      1.00      0.99      1010
			  4       0.98      0.99      0.99       982
			  5       0.99      0.99      0.99       892
			  6       0.99      0.99      0.99       958
			  7       0.99      0.99      0.99      1028
			  8       0.99      0.98      0.99       974
			  9       0.99      0.98      0.98      1009

	 accuracy                           0.99     10000
	macro avg       0.99      0.99      0.99     10000
weighted avg       0.99      0.99      0.99     10000
